{
 "cells": [
  {
   "cell_type": "code",
   "execution_count": 157,
   "metadata": {},
   "outputs": [
    {
     "data": {
      "text/plain": [
       "(10997, 22)"
      ]
     },
     "execution_count": 157,
     "metadata": {},
     "output_type": "execute_result"
    }
   ],
   "source": [
    "#set up the environment\n",
    "import pandas as pd\n",
    "import seaborn as sns  #statist graph package\n",
    "import matplotlib.pyplot as plt  #plot package\n",
    "from scipy.stats import spearmanr #cor test package\n",
    "import numpy as np\n",
    "\n",
    "df = pd.read_csv('clean_data.csv')\n",
    "df.shape"
   ]
  },
  {
   "cell_type": "code",
   "execution_count": 163,
   "metadata": {},
   "outputs": [
    {
     "data": {
      "text/plain": [
       "Index(['Unnamed: 0', 'id', 'Locality', 'Type of property',\n",
       "       'Subtype of property', 'Type of sale', 'Fully equipped kitchen',\n",
       "       'Fireplace', 'Terrace', 'Garden', 'Garden area', 'Surface of the land',\n",
       "       'Surface area of the plot of land', 'Swimming pool',\n",
       "       'State of the building', 'Compound Listing', 'Price', 'Number of rooms',\n",
       "       'Living Area', 'Furnished', 'Terrace area', 'Number of facades'],\n",
       "      dtype='object')"
      ]
     },
     "execution_count": 163,
     "metadata": {},
     "output_type": "execute_result"
    }
   ],
   "source": [
    "df.columns"
   ]
  },
  {
   "cell_type": "code",
   "execution_count": 159,
   "metadata": {},
   "outputs": [
    {
     "name": "stdout",
     "output_type": "stream",
     "text": [
      "                                  Locality  Type of property  \\\n",
      "Locality                          1.000000          0.204519   \n",
      "Type of property                  0.204519          1.000000   \n",
      "Subtype of property               0.130687          0.913772   \n",
      "Fully equipped kitchen           -0.226886          0.071773   \n",
      "Fireplace                         0.001951          0.181697   \n",
      "Terrace                          -0.070271         -0.127996   \n",
      "Garden                           -0.014864          0.444856   \n",
      "Garden area                      -0.006648          0.464807   \n",
      "Surface area of the plot of land  0.209821          0.951403   \n",
      "Swimming pool                     0.009359          0.079109   \n",
      "State of the building            -0.045976          0.057511   \n",
      "Compound Listing                 -0.102459         -0.585519   \n",
      "Price                            -0.120734          0.144881   \n",
      "Number of rooms                   0.127721          0.654153   \n",
      "Living Area                       0.134834          0.724370   \n",
      "Furnished                         0.009166          0.010175   \n",
      "Terrace area                     -0.036726          0.029200   \n",
      "Number of facades                 0.074218          0.121470   \n",
      "\n",
      "                                  Subtype of property  Fully equipped kitchen  \\\n",
      "Locality                                     0.130687               -0.226886   \n",
      "Type of property                             0.913772                0.071773   \n",
      "Subtype of property                          1.000000                0.090393   \n",
      "Fully equipped kitchen                       0.090393                1.000000   \n",
      "Fireplace                                    0.187568                0.036647   \n",
      "Terrace                                     -0.135905                0.128584   \n",
      "Garden                                       0.443714                0.135303   \n",
      "Garden area                                  0.460778                0.139628   \n",
      "Surface area of the plot of land             0.880825                0.065355   \n",
      "Swimming pool                                0.090729                0.017876   \n",
      "State of the building                        0.048017                0.015634   \n",
      "Compound Listing                            -0.551268               -0.151873   \n",
      "Price                                        0.151809                0.005085   \n",
      "Number of rooms                              0.577097                0.050950   \n",
      "Living Area                                  0.668437                0.053984   \n",
      "Furnished                                    0.015648               -0.004019   \n",
      "Terrace area                                 0.037533                0.081547   \n",
      "Number of facades                            0.142785               -0.022144   \n",
      "\n",
      "                                  Fireplace   Terrace    Garden  Garden area  \\\n",
      "Locality                           0.001951 -0.070271 -0.014864    -0.006648   \n",
      "Type of property                   0.181697 -0.127996  0.444856     0.464807   \n",
      "Subtype of property                0.187568 -0.135905  0.443714     0.460778   \n",
      "Fully equipped kitchen             0.036647  0.128584  0.135303     0.139628   \n",
      "Fireplace                          1.000000  0.019197  0.121521     0.137308   \n",
      "Terrace                            0.019197  1.000000  0.032624     0.040488   \n",
      "Garden                             0.121521  0.032624  1.000000     0.990314   \n",
      "Garden area                        0.137308  0.040488  0.990314     1.000000   \n",
      "Surface area of the plot of land   0.207028 -0.100886  0.442178     0.477954   \n",
      "Swimming pool                      0.050430  0.031570  0.047048     0.059957   \n",
      "State of the building             -0.009293 -0.076727  0.028050     0.024966   \n",
      "Compound Listing                  -0.132353  0.161543 -0.245937    -0.261415   \n",
      "Price                              0.100216  0.141225  0.072231     0.085137   \n",
      "Number of rooms                    0.160287 -0.008331  0.320019     0.338394   \n",
      "Living Area                        0.158613 -0.063655  0.322129     0.342399   \n",
      "Furnished                          0.025922  0.006635  0.006902     0.009147   \n",
      "Terrace area                       0.058698  0.381662  0.145390     0.164986   \n",
      "Number of facades                  0.103952  0.015635  0.063037     0.096985   \n",
      "\n",
      "                                  Surface area of the plot of land  \\\n",
      "Locality                                                  0.209821   \n",
      "Type of property                                          0.951403   \n",
      "Subtype of property                                       0.880825   \n",
      "Fully equipped kitchen                                    0.065355   \n",
      "Fireplace                                                 0.207028   \n",
      "Terrace                                                  -0.100886   \n",
      "Garden                                                    0.442178   \n",
      "Garden area                                               0.477954   \n",
      "Surface area of the plot of land                          1.000000   \n",
      "Swimming pool                                             0.114101   \n",
      "State of the building                                     0.049019   \n",
      "Compound Listing                                         -0.557065   \n",
      "Price                                                     0.194478   \n",
      "Number of rooms                                           0.647239   \n",
      "Living Area                                               0.724848   \n",
      "Furnished                                                 0.014801   \n",
      "Terrace area                                              0.064389   \n",
      "Number of facades                                         0.231927   \n",
      "\n",
      "                                  Swimming pool  State of the building  \\\n",
      "Locality                               0.009359              -0.045976   \n",
      "Type of property                       0.079109               0.057511   \n",
      "Subtype of property                    0.090729               0.048017   \n",
      "Fully equipped kitchen                 0.017876               0.015634   \n",
      "Fireplace                              0.050430              -0.009293   \n",
      "Terrace                                0.031570              -0.076727   \n",
      "Garden                                 0.047048               0.028050   \n",
      "Garden area                            0.059957               0.024966   \n",
      "Surface area of the plot of land       0.114101               0.049019   \n",
      "Swimming pool                          1.000000              -0.040033   \n",
      "State of the building                 -0.040033               1.000000   \n",
      "Compound Listing                      -0.043114               0.077561   \n",
      "Price                                  0.110417              -0.099676   \n",
      "Number of rooms                        0.070203               0.005238   \n",
      "Living Area                            0.090708               0.024340   \n",
      "Furnished                              0.011426              -0.020650   \n",
      "Terrace area                           0.052804              -0.069551   \n",
      "Number of facades                      0.087892              -0.022211   \n",
      "\n",
      "                                  Compound Listing     Price  Number of rooms  \\\n",
      "Locality                                 -0.102459 -0.120734         0.127721   \n",
      "Type of property                         -0.585519  0.144881         0.654153   \n",
      "Subtype of property                      -0.551268  0.151809         0.577097   \n",
      "Fully equipped kitchen                   -0.151873  0.005085         0.050950   \n",
      "Fireplace                                -0.132353  0.100216         0.160287   \n",
      "Terrace                                   0.161543  0.141225        -0.008331   \n",
      "Garden                                   -0.245937  0.072231         0.320019   \n",
      "Garden area                              -0.261415  0.085137         0.338394   \n",
      "Surface area of the plot of land         -0.557065  0.194478         0.647239   \n",
      "Swimming pool                            -0.043114  0.110417         0.070203   \n",
      "State of the building                     0.077561 -0.099676         0.005238   \n",
      "Compound Listing                          1.000000  0.035263        -0.414944   \n",
      "Price                                     0.035263  1.000000         0.438632   \n",
      "Number of rooms                          -0.414944  0.438632         1.000000   \n",
      "Living Area                              -0.438200  0.268146         0.590662   \n",
      "Furnished                                -0.013680 -0.004043         0.016594   \n",
      "Terrace area                             -0.036444  0.080446         0.063685   \n",
      "Number of facades                        -0.075728  0.121273         0.097360   \n",
      "\n",
      "                                  Living Area  Furnished  Terrace area  \\\n",
      "Locality                             0.134834   0.009166     -0.036726   \n",
      "Type of property                     0.724370   0.010175      0.029200   \n",
      "Subtype of property                  0.668437   0.015648      0.037533   \n",
      "Fully equipped kitchen               0.053984  -0.004019      0.081547   \n",
      "Fireplace                            0.158613   0.025922      0.058698   \n",
      "Terrace                             -0.063655   0.006635      0.381662   \n",
      "Garden                               0.322129   0.006902      0.145390   \n",
      "Garden area                          0.342399   0.009147      0.164986   \n",
      "Surface area of the plot of land     0.724848   0.014801      0.064389   \n",
      "Swimming pool                        0.090708   0.011426      0.052804   \n",
      "State of the building                0.024340  -0.020650     -0.069551   \n",
      "Compound Listing                    -0.438200  -0.013680     -0.036444   \n",
      "Price                                0.268146  -0.004043      0.080446   \n",
      "Number of rooms                      0.590662   0.016594      0.063685   \n",
      "Living Area                          1.000000  -0.072154      0.168517   \n",
      "Furnished                           -0.072154   1.000000     -0.024032   \n",
      "Terrace area                         0.168517  -0.024032      1.000000   \n",
      "Number of facades                    0.182927  -0.002186      0.137955   \n",
      "\n",
      "                                  Number of facades  \n",
      "Locality                                   0.074218  \n",
      "Type of property                           0.121470  \n",
      "Subtype of property                        0.142785  \n",
      "Fully equipped kitchen                    -0.022144  \n",
      "Fireplace                                  0.103952  \n",
      "Terrace                                    0.015635  \n",
      "Garden                                     0.063037  \n",
      "Garden area                                0.096985  \n",
      "Surface area of the plot of land           0.231927  \n",
      "Swimming pool                              0.087892  \n",
      "State of the building                     -0.022211  \n",
      "Compound Listing                          -0.075728  \n",
      "Price                                      0.121273  \n",
      "Number of rooms                            0.097360  \n",
      "Living Area                                0.182927  \n",
      "Furnished                                 -0.002186  \n",
      "Terrace area                               0.137955  \n",
      "Number of facades                          1.000000  \n",
      "\n",
      "P-values of the correlation test:\n",
      "[[0.00000000e+000 3.58814689e-104 4.30381277e-043 2.21138509e-128\n",
      "  8.37870914e-001 1.61508686e-013 1.19075701e-001 4.85777801e-001\n",
      "  1.15750365e-109 3.26432820e-001 1.41197157e-006 4.68600146e-027\n",
      "  5.47590884e-037 3.19617947e-041 8.78838968e-046 3.36475441e-001\n",
      "  1.17059266e-004 6.55385611e-015]\n",
      " [3.58814689e-104 0.00000000e+000 0.00000000e+000 4.86762453e-014\n",
      "  2.94585643e-082 2.15097565e-041 0.00000000e+000 0.00000000e+000\n",
      "  0.00000000e+000 9.73549737e-017 1.58638396e-009 0.00000000e+000\n",
      "  1.17329708e-052 0.00000000e+000 0.00000000e+000 2.85983605e-001\n",
      "  2.19547122e-003 2.01154992e-037]\n",
      " [4.30381277e-043 0.00000000e+000 0.00000000e+000 2.14785426e-021\n",
      "  1.24750635e-087 1.72038996e-046 0.00000000e+000 0.00000000e+000\n",
      "  0.00000000e+000 1.52836020e-021 4.71185850e-007 0.00000000e+000\n",
      "  1.07487892e-057 0.00000000e+000 0.00000000e+000 1.00820400e-001\n",
      "  8.25332466e-005 3.51160130e-051]\n",
      " [2.21138509e-128 4.86762453e-014 2.14785426e-021 0.00000000e+000\n",
      "  1.21076178e-004 9.21391817e-042 4.30793348e-046 5.33828238e-049\n",
      "  6.88323721e-012 6.08602114e-002 1.01131888e-001 9.63216090e-058\n",
      "  5.93889828e-001 9.00095433e-008 1.47332089e-008 6.73419331e-001\n",
      "  1.08221855e-017 2.02211959e-002]\n",
      " [8.37870914e-001 2.94585643e-082 1.24750635e-087 1.21076178e-004\n",
      "  0.00000000e+000 4.41011567e-002 1.87864569e-037 1.98697123e-047\n",
      "  9.44915891e-107 1.21500962e-007 3.29836890e-001 3.65900286e-044\n",
      "  5.98368725e-026 3.41277403e-064 7.00045027e-063 6.55761250e-003\n",
      "  7.27101885e-010 8.33686226e-028]\n",
      " [1.61508686e-013 2.15097565e-041 1.72038996e-046 9.21391817e-042\n",
      "  4.41011567e-002 0.00000000e+000 6.22422367e-004 2.16563710e-005\n",
      "  2.81122736e-026 9.29258200e-004 7.81645851e-016 3.45458961e-065\n",
      "  4.26382244e-050 3.82366855e-001 2.36763877e-011 4.86619216e-001\n",
      "  0.00000000e+000 1.01113330e-001]\n",
      " [1.19075701e-001 0.00000000e+000 0.00000000e+000 4.30793348e-046\n",
      "  1.87864569e-037 6.22422367e-004 0.00000000e+000 0.00000000e+000\n",
      "  0.00000000e+000 7.97590142e-007 3.26315781e-003 3.36870077e-151\n",
      "  3.35951865e-014 2.60518674e-260 6.41457831e-264 4.69225928e-001\n",
      "  5.10171187e-053 3.68419574e-011]\n",
      " [4.85777801e-001 0.00000000e+000 0.00000000e+000 5.33828238e-049\n",
      "  1.98697123e-047 2.16563710e-005 0.00000000e+000 0.00000000e+000\n",
      "  0.00000000e+000 3.12598028e-010 8.83857963e-003 2.90096387e-171\n",
      "  3.77813730e-019 9.83461062e-293 4.20370896e-300 3.37486100e-001\n",
      "  5.91850845e-068 2.12334964e-024]\n",
      " [1.15750365e-109 0.00000000e+000 0.00000000e+000 6.88323721e-012\n",
      "  9.44915891e-107 2.81122736e-026 0.00000000e+000 0.00000000e+000\n",
      "  0.00000000e+000 3.41716680e-033 2.70497450e-007 0.00000000e+000\n",
      "  3.45848182e-094 0.00000000e+000 0.00000000e+000 1.20659255e-001\n",
      "  1.39416935e-011 3.20712505e-134]\n",
      " [3.26432820e-001 9.73549737e-017 1.52836020e-021 6.08602114e-002\n",
      "  1.21500962e-007 9.29258200e-004 7.97590142e-007 3.12598028e-010\n",
      "  3.41716680e-033 0.00000000e+000 2.67651502e-005 6.10176046e-006\n",
      "  3.53107210e-031 1.70376784e-013 1.56008945e-021 2.30887334e-001\n",
      "  3.01394621e-008 2.61304520e-020]\n",
      " [1.41197157e-006 1.58638396e-009 4.71185850e-007 1.01131888e-001\n",
      "  3.29836890e-001 7.81645851e-016 3.26315781e-003 8.83857963e-003\n",
      "  2.70497450e-007 2.67651502e-005 0.00000000e+000 3.79423047e-016\n",
      "  1.09474087e-025 5.82874449e-001 1.06943832e-002 3.03523315e-002\n",
      "  2.84494562e-013 1.98458089e-002]\n",
      " [4.68600146e-027 0.00000000e+000 0.00000000e+000 9.63216090e-058\n",
      "  3.65900286e-044 3.45458961e-065 3.36870077e-151 2.90096387e-171\n",
      "  0.00000000e+000 6.10176046e-006 3.79423047e-016 0.00000000e+000\n",
      "  2.16767804e-004 0.00000000e+000 0.00000000e+000 1.51428913e-001\n",
      "  1.32069294e-004 1.83686032e-015]\n",
      " [5.47590884e-037 1.17329708e-052 1.07487892e-057 5.93889828e-001\n",
      "  5.98368725e-026 4.26382244e-050 3.35951865e-014 3.77813730e-019\n",
      "  3.45848182e-094 3.53107210e-031 1.09474087e-025 2.16767804e-004\n",
      "  0.00000000e+000 0.00000000e+000 1.99264923e-180 6.71650326e-001\n",
      "  2.94272430e-017 2.63284906e-037]\n",
      " [3.19617947e-041 0.00000000e+000 0.00000000e+000 9.00095433e-008\n",
      "  3.41277403e-064 3.82366855e-001 2.60518674e-260 9.83461062e-293\n",
      "  0.00000000e+000 1.70376784e-013 5.82874449e-001 0.00000000e+000\n",
      "  0.00000000e+000 0.00000000e+000 0.00000000e+000 8.18465444e-002\n",
      "  2.31826961e-011 1.41086397e-024]\n",
      " [8.78838968e-046 0.00000000e+000 0.00000000e+000 1.47332089e-008\n",
      "  7.00045027e-063 2.36763877e-011 6.41457831e-264 4.20370896e-300\n",
      "  0.00000000e+000 1.56008945e-021 1.06943832e-002 0.00000000e+000\n",
      "  1.99264923e-180 0.00000000e+000 0.00000000e+000 3.57543808e-014\n",
      "  7.42475584e-071 2.28308352e-083]\n",
      " [3.36475441e-001 2.85983605e-001 1.00820400e-001 6.73419331e-001\n",
      "  6.55761250e-003 4.86619216e-001 4.69225928e-001 3.37486100e-001\n",
      "  1.20659255e-001 2.30887334e-001 3.03523315e-002 1.51428913e-001\n",
      "  6.71650326e-001 8.18465444e-002 3.57543808e-014 0.00000000e+000\n",
      "  1.17284980e-002 8.18686263e-001]\n",
      " [1.17059266e-004 2.19547122e-003 8.25332466e-005 1.08221855e-017\n",
      "  7.27101885e-010 0.00000000e+000 5.10171187e-053 5.91850845e-068\n",
      "  1.39416935e-011 3.01394621e-008 2.84494562e-013 1.32069294e-004\n",
      "  2.94272430e-017 2.31826961e-011 7.42475584e-071 1.17284980e-002\n",
      "  0.00000000e+000 7.29999440e-048]\n",
      " [6.55385611e-015 2.01154992e-037 3.51160130e-051 2.02211959e-002\n",
      "  8.33686226e-028 1.01113330e-001 3.68419574e-011 2.12334964e-024\n",
      "  3.20712505e-134 2.61304520e-020 1.98458089e-002 1.83686032e-015\n",
      "  2.63284906e-037 1.41086397e-024 2.28308352e-083 8.18686263e-001\n",
      "  7.29999440e-048 0.00000000e+000]]\n"
     ]
    },
    {
     "data": {
